0.0 0.2261591

0.03333300000000006 0.2261591

0.06666600000000011 0.2288077

0.10000000000000009 0.1904035

0.13333300000000015 0.2142406

0.1666660000000002 0.2201998

0.19999999999999996 0.2082813

0.23333300000000023 0.1076358

0.26666600000000007 0.15531

0.30000000000000004 0.1771606

0.3333329999999999 0.1308108

0.36666600000000016 -0.01287391

0.40000000000000013 0.04870523

0.43333299999999997 0.07982588

0.46666600000000025 0.01957102

0.5000000000000002 -0.1181544

0.5333330000000001 -0.0704802

0.5666659999999999 -0.03406243

0.6000000000000003 -0.09431729

0.6333330000000001 -0.1890035

0.666666 -0.158545

0.7 -0.1386808

0.7333330000000002 -0.1744364

0.7666660000000001 -0.1929763

0.8 -0.1982735

0.8333329999999999 -0.1969492

0.8666660000000002 -0.1969492

0.9000000000000001 -0.1406672

0.9350000000000003 -0.1784092

0.9683330000000001 -0.1870171

1.001666 -0.1611936

1.035 -0.04531883

1.0683330000000002 -0.1002766

1.101666 -0.1181544

1.135 -0.06849378

1.1683330000000003 0.07850159

1.2016660000000001 0.01493603

1.235 -0.01419819

1.268333 0.04671881

1.3016660000000002 0.1764985

1.3350000000000002 0.1301486

1.368333 0.1016765

1.4016660000000003 0.1519993

1.4350000000000003 0.2235105

1.468333 0.2043084

1.501666 0.1804714

1.535 0.2142406

1.5683330000000002 0.1943763

1.601666 0.2129163

1.635 0.2175513

1.6683330000000003 0.206957

1.7016660000000001 0.1109465

1.735 0.159945

1.768333 0.1791471

1.8016660000000002 0.1387565

1.8350000000000002 -0.003603931

1.868333 0.05929949

1.9016660000000003 0.08313658

1.9350000000000003 0.03082742

1.968333 -0.1128572

2.001666 -0.06319665

2.035 -0.03273815

2.068333 -0.09034444

2.101666 -0.1856928

2.135 -0.15391

2.1683330000000005 -0.1327215

2.2016659999999995 -0.1711257

2.2349999999999994 -0.1969492

2.268333 -0.1956249

2.301666 -0.1949628

2.335 -0.1976113

2.368333 -0.1419915

2.4016659999999996 -0.1797335

2.4349999999999996 -0.1890035

2.4683329999999994 -0.1598693

2.501666 -0.04531883

2.535 -0.1042494

2.568333 -0.1208029

2.601666 -0.07511519

2.635 0.06592091

2.6683329999999996 0.01096318

2.7016659999999995 -0.02015746

2.7349999999999994 0.03347598

2.768333 0.169215

2.801666 0.1182301

2.835 0.09704155

2.868333 0.1407429

2.9016659999999996 0.2135784

2.9349999999999996 0.1957006

2.9683329999999994 0.1851063

3.001666 0.2076192

3.035 0.1923899

3.068333 0.2142406

3.101666 0.2155648

3.135 0.2056327

3.1683329999999996 0.1142572

3.2016659999999995 0.16458

3.2366659999999996 0.1791471

3.2699999999999996 0.141405

3.3033330000000003 0.000368917

3.336666 0.06327234

3.37 0.09174442

3.403333 0.03082742

3.4366659999999998 -0.1062358

3.4699999999999998 -0.05392667

3.5033329999999996 -0.02611674

3.5366660000000003 -0.08041232

3.5700000000000003 -0.1837064

3.603333 -0.1512614

3.636666 -0.1327215

3.67 -0.1704635

3.7033329999999998 -0.1949628

3.7366659999999996 -0.1976113

3.7699999999999996 -0.1936385

3.8033330000000003 -0.200922

3.836666 -0.1505993

3.87 -0.1790714

3.903333 -0.1883414

3.9366659999999998 -0.167815

3.9699999999999998 -0.05326453

4.003333 -0.1042494

4.036666 -0.1280865

4.07 -0.08107447

4.103333 0.06062378

4.136666 0.003017482

4.17 -0.02611674

4.203333 0.03347598

4.236666 0.1579586

4.27 0.1142572

4.303333 0.08578515

4.336666 0.1374322

4.37 0.211592

4.403333 0.1923899

4.436666 0.1764985

4.47 0.2029842

4.503333 0.1943763

4.536666 0.2109299

4.57 0.2122541

4.603333 0.2056327

4.636666 0.1208786

4.67 0.16458

4.703333 0.1811335

4.736666 0.1440536

4.77 0.007652472

4.803333 0.06923161

4.836666 0.09240656

4.87 0.03877311

4.903333 -0.1002766

4.936666 -0.04598098

4.97 -0.0175089

5.003333 -0.07710162

5.036666 -0.1803957

5.07 -0.1486129

5.103333 -0.1254379

5.136666 -0.1618557

5.17 -0.1936385

5.203333 -0.1949628

5.236666 -0.1903278

5.27 -0.1982735

5.303333 -0.1525857

5.336666 -0.1803957

5.37 -0.1929763

5.403333 -0.1658286

5.436666 -0.05789952

5.47 -0.106898

5.503333 -0.1307351

5.538333 -0.08372303

5.571666 0.05466451

5.6049999999999995 -0.003603931

5.638333 -0.0287653

5.671666 0.02751671

5.705 0.1539857

5.738333 0.1109465

5.771666 0.08446086

5.805 0.1294865

5.8383329999999996 0.2076192

5.871666 0.1897413

5.905 0.1751742

5.938333 0.1963627

5.971666 0.1950385
6.005 0.2043084
6.038333 0.211592
6.071666 0.2049706
6.1049999999999995 0.1222029
6.138333 0.1652421
6.171666 0.1817956
6.205 0.14604
6.238332999999999 0.01626031
6.271666 0.06989376
6.305 0.09969012
6.338333 0.04473239
6.371665999999999 -0.09696586
6.404999999999999 -0.04267027
6.438333 -0.01618462
6.471665999999999 -0.06981806
6.504999999999999 -0.1757607
6.538333 -0.1406672
6.5716660000000005 -0.1208029
6.605 -0.1565586
6.638332999999999 -0.1995978
6.671666 -0.1962871
6.705 -0.1856928
6.738332999999999 -0.1949628
6.771666 -0.1505993
6.805 -0.1823821
6.838333 -0.1876792
6.871665999999999 -0.1704635
6.904999999999999 -0.06187237
6.938333 -0.1141815
6.971665999999999 -0.1380186
7.004999999999999 -0.08902016
7.038333 0.04804309
7.0716660000000005 -0.01154963