0.00054858
1.00866492
1.00727647
1.00782503
2.01410178
3.01604928
3.01602932
4.00260325
6.01512289
7.01600344
8.00530510
10.01293686
11.00930517
11.01143260
12 (eksakt)
14.00324199
14.00307400
22.98976928
22.99412394
90.92345
127.9044631
130.9061249
127.9035313
130.9050824
134.9059770
134.9056886
141.916453
204.9744275
208.985359
208.9810901
208.9803987
212.994385
212.992857
217.004719
221.014255
225.023612
225.023230
229.031762
234.043601
233.0402473
233.0396352
234.0409521
235.0439299
238.0507882
237.0481734
238.0495599
241.0568291
